4294967279,551
25,8
25,7
25,6
25,5
25,4
25,3
25,2
25,1
25,0
4294967279,550
24,8
24,7
24,6
24,5
24,4
24,3
24,2
24,1
24,0
4294967279,549
23,8
23,7
23,6
23,5
23,4
23,3
23,2
23,1
23,0
4294967278,370
4294967278,369
22,8
22,7
22,6
22,5
22,4
22,3
22,2
22,1
22,0
4294967279,548
4294967279,547
4294967278,368
21,8
21,7
21,6
21,5
21,4
21,3
21,2
21,1
21,0
13,44
13,17
13,66
13,28
13,52
13,35
13,67
13,43
13,30
13,61
13,31
13,21
4294967278,367
4294967278,366
4294967278,365
4294967278,364
4294967278,363
4294967278,362
4294967278,361
4294967278,360
4294967278,359
4294967278,358
4294967278,357
4294967278,356
4294967278,355
4294967278,354
4294967278,353
20,8
20,7
20,6
20,5
20,4
20,3
20,2
20,1
20,0
4294967279,546
4294967278,352
4294967279,545
4294967279,544
13,68
13,24
13,130
13,40
13,129
13,46
13,128
13,65
13,64
4294967279,543
4294967278,351
13,63
13,62
13,60
13,15
13,59
13,58
4294967278,350
4294967278,349
4294967279,542
13,57
13,56
13,50
13,55
4294967278,348
13,54
13,53
13,51
13,27
13,49
13,48
13,47
13,45
13,25
13,16
13,42
13,41
13,14
4294967278,347
13,39
13,38
4294967279,541
13,37
4294967279,540
4294967278,346
4294967279,539
4294967279,538
13,36
13,34
13,33
13,32
13,29
13,26
4294967278,345
4294967279,537
4294967279,536
4294967279,535
13,7
4294967278,344
4294967279,534
4294967278,343
4294967278,342
4294967279,533
13,5
4294967279,532
13,6
4294967279,531
4294967279,530
4294967279,529
4294967278,341
4294967278,340
4294967278,339
4294967278,338
4294967278,337
4294967279,528
19,8
19,7
19,6
19,5
19,4
19,3
19,2
19,1
19,0
4294967279,527
4294967278,336
13,23
4294967279,526
13,22
13,20
4294967279,525
13,19
13,18
13,13
4294967279,523
4294967293,131
4294967293,130
4294967293,129
4294967293,128
4294967293,127
4294967293,126
4294967293,125
4294967293,124
4294967293,123
4294967293,122
4294967293,121
4294967293,120
4294967293,119
4294967293,118
4294967293,117
4294967293,116
4294967293,115
4294967293,114
4294967293,113
4294967293,112
4294967293,111
4294967293,110
4294967293,109
4294967293,108
4294967293,107
4294967293,106
4294967293,105
4294967293,104
4294967293,103
4294967293,102
4294967293,101
4294967293,100
4294967293,99
4294967293,98
4294967293,97
4294967293,96
4294967293,95
4294967293,94
4294967293,93
4294967293,92
4294967293,91
4294967293,90
4294967293,89
4294967293,88
4294967293,87
4294967293,86
4294967293,85
4294967293,84
4294967293,83
4294967293,82
4294967293,81
4294967293,80
4294967293,79
4294967293,78
4294967293,77
4294967293,76
4294967293,75
4294967293,74
4294967293,73
4294967293,72
4294967293,71
4294967293,70
4294967293,69
4294967293,68
4294967293,67
4294967293,66
4294967293,65
4294967293,64
4294967293,63
4294967293,62
4294967293,61
4294967293,60
4294967293,59
4294967293,58
4294967293,57
4294967293,56
4294967293,55
4294967293,54
4294967293,53
4294967293,52
4294967293,51
4294967293,50
4294967293,49
4294967293,48
4294967293,47
4294967293,46
4294967293,45
4294967293,44
4294967293,43
4294967293,42
4294967293,41
4294967293,40
4294967293,39
4294967293,38
4294967293,37
4294967293,36
4294967293,35
4294967293,34
4294967293,33
4294967293,32
4294967293,31
4294967293,30
4294967293,29
4294967293,28
4294967293,27
4294967293,26
4294967293,25
4294967293,24
4294967293,23
4294967293,22
4294967293,21
4294967293,20
4294967293,19
4294967293,18
4294967293,17
4294967293,16
4294967293,15
4294967293,14
4294967293,13
4294967293,12
4294967293,11
4294967293,10
4294967293,9
4294967293,8
4294967293,7
4294967293,6
4294967293,5
4294967293,4
4294967293,3
4294967293,2
4294501266,0
4294501265,0
4294501264,0
4294501263,0
4294501262,0
4294501261,0
4294501260,0
4294501259,0
4294501258,0
4294501257,0
4294967293,0
4294967278,188
4294967278,74
4294967278,307
4294967278,187
4294967278,73
4294967278,306
4294967278,186
